# GfsView 2D
View {
  tx = 0.0364197 ty = -0.262552
  sx = 1 sy = 1 sz = 1
  q0 = 0 q1 = 0 q2 = -0.707107 q3 = 0.707107
  fov = 45.7879
  r = 0.3 g = 0.4 b = 0.6
  res = 1
  lc = 0.001
  reactivity = 0.1
}
Isoline {
  r = 0 g = 0 b = 0
  shading = Constant
  maxlevel = -1
  font_size = 1
  raster_font = 1
  line_width = 1
} {
  n.x = 0 n.y = 0 n.z = 1
  pos = 0
} T {
  amin = 1
  amax = 1
  cmap = Jet
} 0 {
  reversed = 0
  use_scalar = 1
} {
  n = 1
}
